# TELESCOPE = UH88
# INSTRUMENT = SNIFS
# OBJECT = 2024fyi
# CHANNEL = B+R
# EXPNUM = 24_100_027_003
# MJD-OBS = 60409.361522
# DATE-OBS = 2024-04-09T08:40:37
# EXPTIME = 1800.0s
# AIRMASS = 1.05
# FLUXCAL_RMS_B = 0.082 mag
# FLUXCAL_RMS_R = 0.069 mag
# RA = 12:29:38.33
# DEC = 32:45:21.92
# wl fl err
# [A] [erg/s/cm2/A]
3400.480000 1.001400e-15 7.233858e-17
3403.480000 6.330989e-16 7.153618e-17
3406.480000 6.331126e-16 6.355907e-17
3409.480000 8.070102e-16 5.963598e-17
3412.480000 8.139155e-16 6.605237e-17
3415.480000 6.635536e-16 6.665031e-17
3418.480000 6.134247e-16 5.865661e-17
3421.480000 5.821464e-16 5.677460e-17
3424.480000 6.718569e-16 6.453385e-17
3427.480000 8.540331e-16 6.504734e-17
3430.480000 6.929371e-16 5.586973e-17
3433.480000 4.401082e-16 5.413782e-17
3436.480000 4.416357e-16 6.105400e-17
3439.480000 7.338483e-16 6.122750e-17
3442.480000 7.431204e-16 5.313769e-17
3445.480000 5.622222e-16 5.226790e-17
3448.480000 5.203877e-16 5.656292e-17
3451.480000 5.230159e-16 5.410443e-17
3454.480000 6.786886e-16 4.920196e-17
3457.480000 7.476289e-16 5.198383e-17
3460.480000 5.972617e-16 5.426975e-17
3463.480000 5.970273e-16 5.070418e-17
3466.480000 6.056026e-16 4.720047e-17
3469.480000 6.889190e-16 5.082474e-17
3472.480000 7.003501e-16 5.358304e-17
3475.480000 4.999331e-16 4.819895e-17
3478.480000 4.805777e-16 4.553523e-17
3481.480000 6.543704e-16 5.134098e-17
3484.480000 7.710898e-16 5.307441e-17
3487.480000 6.640869e-16 4.731352e-17
3490.480000 4.316088e-16 4.442874e-17
3493.480000 5.994699e-16 5.087650e-17
3496.480000 5.879511e-16 5.050864e-17
3499.480000 5.953497e-16 4.470009e-17
3502.480000 5.652733e-16 4.397565e-17
3505.480000 4.965219e-16 4.865324e-17
3508.480000 5.124088e-16 4.822309e-17
3511.480000 6.319309e-16 4.304829e-17
3514.480000 5.696910e-16 4.403190e-17
3517.480000 5.062907e-16 4.743271e-17
3520.480000 5.152028e-16 4.595101e-17
3523.480000 6.690919e-16 4.229610e-17
3526.480000 7.895163e-16 4.497002e-17
3529.480000 6.416650e-16 4.767465e-17
3532.480000 5.130713e-16 4.457751e-17
3535.480000 5.121134e-16 4.026116e-17
3538.480000 6.081368e-16 4.411129e-17
3541.480000 6.413770e-16 4.677891e-17
3544.480000 5.796870e-16 4.297226e-17
3547.480000 5.995781e-16 4.054095e-17
3550.480000 6.240361e-16 4.507478e-17
3553.480000 6.829403e-16 4.680606e-17
3556.480000 6.943634e-16 4.266769e-17
3559.480000 6.329953e-16 4.088944e-17
3562.480000 4.631255e-16 4.500002e-17
3565.480000 4.191839e-16 4.521270e-17
3568.480000 5.815489e-16 4.043658e-17
3571.480000 6.148879e-16 3.993021e-17
3574.480000 5.895464e-16 4.570626e-17
3577.480000 3.664062e-16 4.437897e-17
3580.480000 3.740175e-16 3.768286e-17
3583.480000 5.622234e-16 3.881095e-17
3586.480000 6.072608e-16 4.323633e-17
3589.480000 5.336513e-16 4.174252e-17
3592.480000 3.972520e-16 3.715516e-17
3595.480000 5.021923e-16 3.978450e-17
3598.480000 6.435211e-16 4.293847e-17
3601.480000 6.014587e-16 4.061877e-17
3604.480000 5.043266e-16 3.667569e-17
3607.480000 5.317572e-16 3.922519e-17
3610.480000 5.187229e-16 4.132021e-17
3613.480000 5.909033e-16 3.859790e-17
3616.480000 5.062190e-16 3.598906e-17
3619.480000 4.705050e-16 3.916710e-17
3622.480000 4.303709e-16 4.020781e-17
3625.480000 4.755352e-16 3.640937e-17
3628.480000 6.070053e-16 3.483766e-17
3631.480000 5.361673e-16 3.838291e-17
3634.480000 3.839452e-16 3.814544e-17
3637.480000 3.765679e-16 3.402955e-17
3640.480000 3.807796e-16 3.357615e-17
3643.480000 4.936791e-16 3.856968e-17
3646.480000 4.772407e-16 3.821927e-17
3649.480000 3.472625e-16 3.304599e-17
3652.480000 3.155486e-16 3.350629e-17
3655.480000 4.634855e-16 3.796736e-17
3658.480000 5.536888e-16 3.759450e-17
3661.480000 4.935145e-16 3.353756e-17
3664.480000 4.575393e-16 3.514330e-17
3667.480000 4.848104e-16 3.813100e-17
3670.480000 5.571669e-16 3.664583e-17
3673.480000 5.836618e-16 3.301566e-17
3676.480000 4.490969e-16 3.434637e-17
3679.480000 4.343981e-16 3.642315e-17
3682.480000 4.697168e-16 3.402906e-17
3685.480000 5.772906e-16 3.186270e-17
3688.480000 5.951112e-16 3.449721e-17
3691.480000 4.963494e-16 3.544561e-17
3694.480000 4.199149e-16 3.205573e-17
3697.480000 4.671308e-16 3.074115e-17
3700.480000 5.135155e-16 3.401007e-17
3703.480000 5.715122e-16 3.494859e-17
3706.480000 5.305047e-16 3.107217e-17
3709.480000 4.409682e-16 2.990455e-17
3712.480000 5.119938e-16 3.467121e-17
3715.480000 5.927288e-16 3.479719e-17
3718.480000 5.552594e-16 2.992292e-17
3721.480000 5.192301e-16 2.994040e-17
3724.480000 4.840959e-16 3.350641e-17
3727.480000 5.778452e-16 3.304866e-17
3730.480000 5.932579e-16 2.955511e-17
3733.480000 5.436036e-16 3.038470e-17
3736.480000 4.744883e-16 3.321879e-17
3739.480000 4.765421e-16 3.200561e-17
3742.480000 5.086964e-16 2.927591e-17
3745.480000 5.481764e-16 3.091774e-17
3748.480000 5.443878e-16 3.294125e-17
3751.480000 5.456903e-16 3.081848e-17
3754.480000 4.995116e-16 2.820666e-17
3757.480000 5.101027e-16 3.048664e-17
3760.480000 5.633651e-16 3.228600e-17
3763.480000 5.258601e-16 2.907222e-17
3766.480000 4.997134e-16 2.751050e-17
3769.480000 5.014299e-16 3.009320e-17
3772.480000 5.651651e-16 3.066124e-17
3775.480000 5.861592e-16 2.781499e-17
3778.480000 4.962221e-16 2.654055e-17
3781.480000 4.715820e-16 3.002778e-17
3784.480000 4.902584e-16 3.018010e-17
3787.480000 4.982417e-16 2.627032e-17
3790.480000 5.012871e-16 2.620878e-17
3793.480000 4.661325e-16 2.912420e-17
3796.480000 4.651971e-16 2.874840e-17
3799.480000 4.456303e-16 2.552416e-17
3802.480000 5.312678e-16 2.658013e-17
3805.480000 5.396291e-16 2.885352e-17
3808.480000 5.464178e-16 2.806289e-17
3811.480000 5.001577e-16 2.536481e-17
3814.480000 4.697089e-16 2.702528e-17
3817.480000 5.587171e-16 2.938534e-17
3820.480000 6.067507e-16 2.785077e-17
3823.480000 5.510002e-16 2.573729e-17
3826.480000 5.237209e-16 2.783120e-17
3829.480000 5.328152e-16 3.033292e-17
3832.480000 5.919810e-16 3.146842e-17
3835.480000 6.178350e-16 3.006680e-17
3838.480000 6.123213e-16 2.895979e-17
3841.480000 5.576627e-16 2.932510e-17
3844.480000 5.698999e-16 2.658918e-17
3847.480000 6.132696e-16 2.593898e-17
3850.480000 6.376919e-16 2.920333e-17
3853.480000 5.726140e-16 2.897531e-17
3856.480000 5.291163e-16 2.534789e-17
3859.480000 5.728700e-16 2.550978e-17
3862.480000 5.760985e-16 2.876579e-17
3865.480000 5.507194e-16 2.818663e-17
3868.480000 5.329370e-16 2.470914e-17
3871.480000 5.143055e-16 2.506589e-17
3874.480000 5.193659e-16 2.770878e-17
3877.480000 5.134951e-16 2.688338e-17
3880.480000 5.255934e-16 2.385497e-17
3883.480000 5.060810e-16 2.494617e-17
3886.480000 5.091411e-16 2.720423e-17
3889.480000 5.368450e-16 2.574651e-17
3892.480000 5.657786e-16 2.372988e-17
3895.480000 4.781846e-16 2.515845e-17
3898.480000 4.208946e-16 2.633966e-17
3901.480000 4.308063e-16 2.425332e-17
3904.480000 5.138719e-16 2.297614e-17
3907.480000 5.655938e-16 2.551557e-17
3910.480000 5.268261e-16 2.607742e-17
3913.480000 4.607767e-16 2.345607e-17
3916.480000 4.450215e-16 2.266855e-17
3919.480000 4.994504e-16 2.562581e-17
3922.480000 5.553107e-16 2.596800e-17
3925.480000 4.952913e-16 2.266137e-17
3928.480000 4.983580e-16 2.227533e-17
3931.480000 4.801544e-16 2.504458e-17
3934.480000 4.972263e-16 2.513200e-17
3937.480000 4.970391e-16 2.190037e-17
3940.480000 4.871884e-16 2.224770e-17
3943.480000 4.902033e-16 2.488473e-17
3946.480000 5.034315e-16 2.439714e-17
3949.480000 5.595023e-16 2.224084e-17
3952.480000 6.024873e-16 2.327340e-17
3955.480000 5.588467e-16 2.474206e-17
3958.480000 4.966445e-16 2.343041e-17
3961.480000 5.467596e-16 2.179187e-17
3964.480000 5.364928e-16 2.335534e-17
3967.480000 5.195383e-16 2.498029e-17
3970.480000 5.020228e-16 2.364982e-17
3973.480000 4.794543e-16 2.287110e-17
3976.480000 4.913128e-16 2.411469e-17
3979.480000 5.139288e-16 2.487016e-17
3982.480000 5.851560e-16 2.296242e-17
3985.480000 5.408645e-16 2.194281e-17
3988.480000 4.031091e-16 2.380194e-17
3991.480000 4.074416e-16 2.416799e-17
3994.480000 4.502642e-16 2.177122e-17
3997.480000 4.793023e-16 2.126514e-17
4000.480000 4.468319e-16 2.399877e-17
4003.480000 3.816179e-16 2.353470e-17
4006.480000 4.004011e-16 2.067472e-17
4009.480000 3.859883e-16 2.065143e-17
4012.480000 3.745703e-16 2.289483e-17
4015.480000 4.176294e-16 2.258537e-17
4018.480000 4.265152e-16 2.023573e-17
4021.480000 4.440164e-16 2.103882e-17
4024.480000 4.764811e-16 2.302771e-17
4027.480000 4.470735e-16 2.180217e-17
4030.480000 4.994546e-16 2.022703e-17
4033.480000 4.976379e-16 2.186003e-17
4036.480000 4.486676e-16 2.287247e-17
4039.480000 4.587829e-16 2.131146e-17
4042.480000 4.578508e-16 1.991496e-17
4045.480000 4.086269e-16 2.145826e-17
4048.480000 3.934886e-16 2.237939e-17
4051.480000 4.718610e-16 2.103293e-17
4054.480000 4.980475e-16 2.044029e-17
4057.480000 5.251895e-16 2.281826e-17
4060.480000 4.562476e-16 2.290923e-17
4063.480000 3.696656e-16 2.000074e-17
4066.480000 3.739688e-16 1.958167e-17
4069.480000 4.508504e-16 2.278476e-17
4072.480000 5.307927e-16 2.321703e-17
4075.480000 4.711044e-16 1.995240e-17
4078.480000 4.155616e-16 1.985207e-17
4081.480000 4.118226e-16 2.206630e-17
4084.480000 4.632779e-16 2.203990e-17
4087.480000 4.971142e-16 2.006087e-17
4090.480000 5.501037e-16 2.116618e-17
4093.480000 4.827146e-16 2.301833e-17
4096.480000 4.512766e-16 2.215004e-17
4099.480000 4.079645e-16 1.977373e-17
4102.480000 4.058529e-16 2.086207e-17
4105.480000 4.227230e-16 2.254363e-17
4108.480000 4.303086e-16 2.125223e-17
4111.480000 4.407822e-16 1.990201e-17
4114.480000 4.894271e-16 2.161472e-17
4117.480000 4.991560e-16 2.231459e-17
4120.480000 4.564576e-16 1.998668e-17
4123.480000 4.140357e-16 1.870267e-17
4126.480000 4.375853e-16 2.057747e-17
4129.480000 4.502087e-16 2.070461e-17
4132.480000 4.502229e-16 1.834200e-17
4135.480000 4.276547e-16 1.773360e-17
4138.480000 4.310269e-16 2.007302e-17
4141.480000 4.957070e-16 2.023713e-17
4144.480000 5.002923e-16 1.791239e-17
4147.480000 4.869860e-16 1.782935e-17
4150.480000 4.588357e-16 1.989323e-17
4153.480000 4.875559e-16 1.972892e-17
4156.480000 4.716553e-16 1.740770e-17
4159.480000 4.670289e-16 1.787748e-17
4162.480000 4.870830e-16 1.984138e-17
4165.480000 4.589457e-16 1.903492e-17
4168.480000 4.517272e-16 1.741907e-17
4171.480000 5.016949e-16 1.862810e-17
4174.480000 5.233553e-16 2.011124e-17
4177.480000 5.334968e-16 1.902661e-17
4180.480000 5.058160e-16 1.753234e-17
4183.480000 4.846463e-16 1.897495e-17
4186.480000 5.013383e-16 2.003991e-17
4189.480000 4.560466e-16 1.825582e-17
4192.480000 4.621313e-16 1.754477e-17
4195.480000 4.643629e-16 1.962496e-17
4198.480000 4.563072e-16 2.027135e-17
4201.480000 4.974546e-16 1.855257e-17
4204.480000 4.839443e-16 1.799227e-17
4207.480000 5.036976e-16 2.057788e-17
4210.480000 4.759608e-16 2.081474e-17
4213.480000 4.461988e-16 1.831049e-17
4216.480000 4.605726e-16 1.825854e-17
4219.480000 4.651179e-16 2.032762e-17
4222.480000 4.601288e-16 2.000741e-17
4225.480000 4.393734e-16 1.743943e-17
4228.480000 4.568405e-16 1.776473e-17
4231.480000 4.813096e-16 1.949791e-17
4234.480000 4.658565e-16 1.882398e-17
4237.480000 4.598878e-16 1.686869e-17
4240.480000 4.581057e-16 1.790054e-17
4243.480000 4.426952e-16 1.927676e-17
4246.480000 4.368079e-16 1.826454e-17
4249.480000 4.003205e-16 1.642715e-17
4252.480000 4.184836e-16 1.784651e-17
4255.480000 4.609750e-16 1.900524e-17
4258.480000 4.451750e-16 1.740892e-17
4261.480000 4.207992e-16 1.616882e-17
4264.480000 4.339529e-16 1.792636e-17
4267.480000 4.653992e-16 1.875019e-17
4270.480000 4.551872e-16 1.702851e-17
4273.480000 4.622642e-16 1.648509e-17
4276.480000 4.463735e-16 1.843229e-17
4279.480000 4.023951e-16 1.834882e-17
4282.480000 4.201860e-16 1.634200e-17
4285.480000 4.205492e-16 1.627404e-17
4288.480000 3.937625e-16 1.858307e-17
4291.480000 4.414446e-16 1.874146e-17
4294.480000 4.458333e-16 1.643411e-17
4297.480000 4.346810e-16 1.668391e-17
4300.480000 4.284815e-16 1.854905e-17
4303.480000 4.414562e-16 1.808116e-17
4306.480000 4.628727e-16 1.618368e-17
4309.480000 4.251624e-16 1.665239e-17
4312.480000 3.769872e-16 1.784086e-17
4315.480000 3.362290e-16 1.682824e-17
4318.480000 3.135525e-16 1.534900e-17
4321.480000 3.439958e-16 1.667360e-17
4324.480000 3.701519e-16 1.772219e-17
4327.480000 3.826650e-16 1.657010e-17
4330.480000 3.779259e-16 1.547686e-17
4333.480000 3.764042e-16 1.709398e-17
4336.480000 4.120671e-16 1.805495e-17
4339.480000 4.284614e-16 1.644515e-17
4342.480000 4.006466e-16 1.562463e-17
4345.480000 3.651760e-16 1.717598e-17
4348.480000 3.220024e-16 1.728230e-17
4351.480000 3.366900e-16 1.539414e-17
4354.480000 3.687189e-16 1.540735e-17
4357.480000 3.880170e-16 1.768850e-17
4360.480000 3.950733e-16 1.783480e-17
4363.480000 4.022624e-16 1.586520e-17
4366.480000 4.446462e-16 1.636053e-17
4369.480000 4.726503e-16 1.829806e-17
4372.480000 4.651095e-16 1.785209e-17
4375.480000 4.690981e-16 1.596428e-17
4378.480000 4.524472e-16 1.661919e-17
4381.480000 4.866252e-16 1.829954e-17
4384.480000 5.136785e-16 1.757294e-17
4387.480000 4.802993e-16 1.589058e-17
4390.480000 4.607666e-16 1.697113e-17
4393.480000 5.008110e-16 1.823557e-17
4396.480000 4.815146e-16 1.716119e-17
4399.480000 4.907432e-16 1.593050e-17
4402.480000 4.911748e-16 1.741790e-17
4405.480000 4.693292e-16 1.826282e-17
4408.480000 4.335887e-16 1.663561e-17
4411.480000 4.711611e-16 1.610653e-17
4414.480000 4.861384e-16 1.799838e-17
4417.480000 4.812498e-16 1.839395e-17
4420.480000 4.497649e-16 1.683238e-17
4423.480000 4.284602e-16 1.703057e-17
4426.480000 4.309182e-16 1.821776e-17
4429.480000 4.547736e-16 1.813772e-17
4432.480000 4.488701e-16 1.577728e-17
4435.480000 4.393019e-16 1.596284e-17
4438.480000 4.210760e-16 1.779878e-17
4441.480000 4.174458e-16 1.743618e-17
4444.480000 4.204533e-16 1.560036e-17
4447.480000 4.497376e-16 1.638862e-17
4450.480000 4.425701e-16 1.771592e-17
4453.480000 4.081963e-16 1.696057e-17
4456.480000 3.925460e-16 1.531474e-17
4459.480000 4.190127e-16 1.613498e-17
4462.480000 4.330149e-16 1.718570e-17
4465.480000 4.448421e-16 1.640314e-17
4468.480000 4.416276e-16 1.528461e-17
4471.480000 4.186000e-16 1.654961e-17
4474.480000 4.324406e-16 1.736996e-17
4477.480000 4.135736e-16 1.578727e-17
4480.480000 4.351170e-16 1.514225e-17
4483.480000 4.485599e-16 1.703952e-17
4486.480000 4.446841e-16 1.773483e-17
4489.480000 4.631813e-16 1.617978e-17
4492.480000 4.517587e-16 1.578569e-17
4495.480000 4.683681e-16 1.807624e-17
4498.480000 4.319132e-16 1.754717e-17
4501.480000 3.697118e-16 1.510396e-17
4504.480000 3.956425e-16 1.530369e-17
4507.480000 4.075621e-16 1.719640e-17
4510.480000 3.980554e-16 1.693005e-17
4513.480000 4.189155e-16 1.526909e-17
4516.480000 4.429155e-16 1.594018e-17
4519.480000 4.752131e-16 1.768144e-17
4522.480000 4.844788e-16 1.706694e-17
4525.480000 4.377579e-16 1.514101e-17
4528.480000 4.201915e-16 1.599889e-17
4531.480000 4.370390e-16 1.723471e-17
4534.480000 4.495267e-16 1.638161e-17
4537.480000 4.489952e-16 1.511077e-17
4540.480000 4.482654e-16 1.639608e-17
4543.480000 4.393003e-16 1.730684e-17
4546.480000 4.404429e-16 1.592362e-17
4549.480000 4.465902e-16 1.509714e-17
4552.480000 4.579142e-16 1.674679e-17
4555.480000 4.362034e-16 1.722247e-17
4558.480000 4.335452e-16 1.558589e-17
4561.480000 4.320617e-16 1.510965e-17
4564.480000 4.283503e-16 1.704026e-17
4567.480000 4.557570e-16 1.753134e-17
4570.480000 4.432614e-16 1.555965e-17
4573.480000 4.333994e-16 1.548177e-17
4576.480000 4.384443e-16 1.748231e-17
4579.480000 3.892472e-16 1.686768e-17
4582.480000 3.903072e-16 1.479348e-17
4585.480000 4.038927e-16 1.514606e-17
4588.480000 3.939598e-16 1.684486e-17
4591.480000 4.125143e-16 1.643137e-17
4594.480000 4.307681e-16 1.483939e-17
4597.480000 4.301348e-16 1.562712e-17
4600.480000 4.460049e-16 1.692064e-17
4603.480000 4.064160e-16 1.583693e-17
4606.480000 4.017266e-16 1.450668e-17
4609.480000 3.902754e-16 1.557175e-17
4612.480000 3.837946e-16 1.641801e-17
4615.480000 3.996593e-16 1.534445e-17
4618.480000 4.011912e-16 1.441665e-17
4621.480000 3.962992e-16 1.594541e-17
4624.480000 3.927987e-16 1.648091e-17
4627.480000 3.983070e-16 1.508893e-17
4630.480000 4.046410e-16 1.464485e-17
4633.480000 4.109890e-16 1.654164e-17
4636.480000 3.904452e-16 1.669795e-17
4639.480000 3.883402e-16 1.477726e-17
4642.480000 3.866812e-16 1.467560e-17
4645.480000 4.183582e-16 1.667775e-17
4648.480000 3.856022e-16 1.632581e-17
4651.480000 4.065363e-16 1.453702e-17
4654.480000 4.209804e-16 1.487609e-17
4657.480000 4.261600e-16 1.656778e-17
4660.480000 4.214599e-16 1.606843e-17
4663.480000 3.944907e-16 1.435030e-17
4666.480000 3.943420e-16 1.506311e-17
4669.480000 3.909161e-16 1.634530e-17
4672.480000 4.300883e-16 1.574107e-17
4675.480000 4.454650e-16 1.473162e-17
4678.480000 4.459372e-16 1.584515e-17
4681.480000 4.598977e-16 1.657067e-17
4684.480000 4.236766e-16 1.522735e-17
4687.480000 4.072214e-16 1.416654e-17
4690.480000 4.187569e-16 1.568349e-17
4693.480000 3.996110e-16 1.620844e-17
4696.480000 3.862782e-16 1.478475e-17
4699.480000 3.917289e-16 1.424031e-17
4702.480000 3.989774e-16 1.591199e-17
4705.480000 3.831954e-16 1.607296e-17
4708.480000 3.753171e-16 1.447424e-17
4711.480000 3.762737e-16 1.432955e-17
4714.480000 3.694841e-16 1.616564e-17
4717.480000 3.392546e-16 1.580327e-17
4720.480000 2.958416e-16 1.365483e-17
4723.480000 2.450328e-16 1.347440e-17
4726.480000 2.312471e-16 1.499748e-17
4729.480000 2.876879e-16 1.484377e-17
4732.480000 3.696308e-16 1.366194e-17
4735.480000 4.052505e-16 1.460895e-17
4738.480000 3.943751e-16 1.597216e-17
4741.480000 3.923335e-16 1.542178e-17
4744.480000 3.660449e-16 1.380634e-17
4747.480000 3.555047e-16 1.457316e-17
4750.480000 3.535261e-16 1.557360e-17
4753.480000 3.552736e-16 1.457007e-17
4756.480000 3.208326e-16 1.331631e-17
4759.480000 2.985442e-16 1.450735e-17
4762.480000 3.003903e-16 1.518125e-17
4765.480000 3.601005e-16 1.426739e-17
4768.480000 4.198914e-16 1.420438e-17
4771.480000 4.658875e-16 1.625199e-17
4774.480000 4.645593e-16 1.650277e-17
4777.480000 4.211646e-16 1.447925e-17
4780.480000 4.234920e-16 1.427477e-17
4783.480000 4.572830e-16 1.654035e-17
4786.480000 4.775132e-16 1.675231e-17
4789.480000 4.790134e-16 1.467179e-17
4792.480000 4.922918e-16 1.481459e-17
4795.480000 4.486260e-16 1.644735e-17
4798.480000 4.372820e-16 1.628358e-17
4801.480000 4.362075e-16 1.494867e-17
4804.480000 4.361815e-16 1.506463e-17
4807.480000 4.322562e-16 1.624649e-17
4810.480000 4.272456e-16 1.557092e-17
4813.480000 4.114686e-16 1.407093e-17
4816.480000 4.067693e-16 1.491755e-17
4819.480000 3.938043e-16 1.599157e-17
4822.480000 3.982333e-16 1.500992e-17
4825.480000 3.813239e-16 1.390999e-17
4828.480000 3.306984e-16 1.496890e-17
4831.480000 3.089986e-16 1.542670e-17
4834.480000 3.068927e-16 1.431677e-17
4837.480000 3.561623e-16 1.408382e-17
4840.480000 4.219618e-16 1.616976e-17
4843.480000 4.618061e-16 1.774233e-17
4846.480000 4.735984e-16 1.529235e-17
4849.480000 4.747302e-16 1.469205e-17
4852.480000 4.711366e-16 1.662358e-17
4855.480000 4.550957e-16 1.670286e-17
4858.480000 4.349079e-16 1.456775e-17
4861.480000 4.111547e-16 1.452662e-17
4864.480000 4.010367e-16 1.630797e-17
4867.480000 4.034498e-16 1.610496e-17
4870.480000 3.951596e-16 1.429590e-17
4873.480000 4.011393e-16 1.482309e-17
4876.480000 4.029465e-16 1.645977e-17
4879.480000 4.106701e-16 1.595389e-17
4882.480000 4.208978e-16 1.460671e-17
4885.480000 4.387243e-16 1.558009e-17
4888.480000 3.986240e-16 1.661142e-17
4891.480000 3.944109e-16 1.565413e-17
4894.480000 3.981094e-16 1.449273e-17
4897.480000 3.976450e-16 1.561281e-17
5200.480000 4.000020e-16 2.719685e-17
5203.480000 4.165729e-16 2.727691e-17
5206.480000 4.394534e-16 2.747223e-17
5209.480000 3.990006e-16 2.773872e-17
5212.480000 4.078627e-16 2.769381e-17
5215.480000 4.370568e-16 2.680986e-17
5218.480000 4.245515e-16 2.618628e-17
5221.480000 3.772337e-16 2.515082e-17
5224.480000 3.498646e-16 2.428143e-17
5227.480000 3.653059e-16 2.369876e-17
5230.480000 4.013655e-16 2.354571e-17
5233.480000 3.829468e-16 2.283973e-17
5236.480000 3.691695e-16 2.227639e-17
5239.480000 4.109021e-16 2.220835e-17
5242.480000 4.345111e-16 2.195259e-17
5245.480000 3.910741e-16 2.097206e-17
5248.480000 3.677065e-16 2.034617e-17
5251.480000 3.522918e-16 1.985951e-17
5254.480000 3.978704e-16 1.987694e-17
5257.480000 4.105372e-16 1.976898e-17
5260.480000 3.856420e-16 1.921230e-17
5263.480000 3.705944e-16 1.861959e-17
5266.480000 3.866047e-16 1.838086e-17
5269.480000 3.940466e-16 1.838194e-17
5272.480000 3.820151e-16 1.827668e-17
5275.480000 3.925806e-16 1.808404e-17
5278.480000 4.339693e-16 1.815635e-17
5281.480000 4.630485e-16 1.820036e-17
5284.480000 4.440611e-16 1.793700e-17
5287.480000 4.279783e-16 1.777703e-17
5290.480000 4.162069e-16 1.773040e-17
5293.480000 4.053986e-16 1.777965e-17
5296.480000 4.300571e-16 1.802550e-17
5299.480000 4.423759e-16 1.812416e-17
5302.480000 4.512035e-16 1.862682e-17
5305.480000 4.273834e-16 1.904417e-17
5308.480000 3.947661e-16 1.900107e-17
5311.480000 3.610966e-16 1.857434e-17
5314.480000 3.729094e-16 2.003194e-17
5317.480000 4.007566e-16 2.142336e-17
5320.480000 4.094507e-16 2.081665e-17
5323.480000 4.245794e-16 2.055489e-17
5326.480000 4.573256e-16 2.022011e-17
5329.480000 4.066792e-16 1.992686e-17
5332.480000 3.989523e-16 2.002084e-17
5335.480000 4.033508e-16 2.048441e-17
5338.480000 4.102819e-16 2.040662e-17
5341.480000 4.064529e-16 1.987037e-17
5344.480000 3.806033e-16 1.906459e-17
5347.480000 3.596142e-16 1.831547e-17
5350.480000 3.758954e-16 1.796768e-17
5353.480000 3.769994e-16 1.763810e-17
5356.480000 3.935646e-16 1.718154e-17
5359.480000 3.851882e-16 1.708202e-17
5362.480000 3.690531e-16 1.856831e-17
5365.480000 3.863871e-16 1.699465e-17
5368.480000 4.057847e-16 1.616694e-17
5371.480000 4.097251e-16 1.561504e-17
5374.480000 4.120251e-16 1.635968e-17
5377.480000 4.275475e-16 1.655575e-17
5380.480000 4.115258e-16 1.654232e-17
5383.480000 3.931676e-16 1.471332e-17
5386.480000 3.951372e-16 1.403020e-17
5389.480000 3.923745e-16 1.328971e-17
5392.480000 4.047672e-16 1.319805e-17
5395.480000 3.942025e-16 1.308614e-17
5398.480000 3.844600e-16 1.295670e-17
5401.480000 3.881788e-16 1.285402e-17
5404.480000 3.797172e-16 1.269052e-17
5407.480000 3.711711e-16 1.262135e-17
5410.480000 3.798629e-16 1.270991e-17
5413.480000 3.931892e-16 1.282633e-17
5416.480000 4.159423e-16 1.296135e-17
5419.480000 4.193398e-16 1.313517e-17
5422.480000 3.993021e-16 1.337937e-17
5425.480000 3.825174e-16 1.416210e-17
5428.480000 3.920703e-16 1.537122e-17
5431.480000 4.198405e-16 1.446594e-17
5434.480000 4.331104e-16 1.396879e-17
5437.480000 4.254489e-16 1.401529e-17
5440.480000 4.260441e-16 1.429375e-17
5443.480000 4.213671e-16 1.446414e-17
5446.480000 4.160855e-16 1.473002e-17
5449.480000 4.328281e-16 1.506082e-17
5452.480000 4.212597e-16 1.518941e-17
5455.480000 4.173921e-16 1.552001e-17
5458.480000 4.012239e-16 1.574399e-17
5461.480000 3.878418e-16 1.597120e-17
5464.480000 3.845782e-16 1.580453e-17
5467.480000 3.925343e-16 1.549681e-17
5470.480000 3.868005e-16 1.496980e-17
5473.480000 3.918454e-16 1.459314e-17
5476.480000 4.184887e-16 1.447679e-17
5479.480000 4.310348e-16 1.431728e-17
5482.480000 4.263796e-16 1.397825e-17
5485.480000 4.285514e-16 1.395658e-17
5488.480000 4.227715e-16 1.399711e-17
5491.480000 4.161305e-16 1.312411e-17
5494.480000 3.981121e-16 1.265535e-17
5497.480000 3.782284e-16 1.212019e-17
5500.480000 3.717842e-16 1.179904e-17
5503.480000 3.788183e-16 1.155075e-17
5506.480000 3.862605e-16 1.140324e-17
5509.480000 4.012942e-16 1.137962e-17
5512.480000 4.050356e-16 1.124519e-17
5515.480000 3.930840e-16 1.106323e-17
5518.480000 3.773797e-16 1.102122e-17
5521.480000 3.848223e-16 1.101836e-17
5524.480000 3.892343e-16 1.081602e-17
5527.480000 3.760353e-16 1.064936e-17
5530.480000 3.746021e-16 1.064228e-17
5533.480000 3.776979e-16 1.070626e-17
5536.480000 3.780304e-16 1.076418e-17
5539.480000 3.895006e-16 1.082787e-17
5542.480000 3.944327e-16 1.095589e-17
5545.480000 3.808818e-16 1.104721e-17
5548.480000 3.775848e-16 1.118898e-17
5551.480000 3.716955e-16 1.123031e-17
5554.480000 3.714668e-16 1.135519e-17
5557.480000 3.750085e-16 1.158046e-17
5560.480000 3.782105e-16 1.176840e-17
5563.480000 3.615264e-16 1.211166e-17
5566.480000 3.544777e-16 1.289726e-17
5569.480000 3.748875e-16 1.497804e-17
5572.480000 3.688957e-16 1.927003e-17
5575.480000 4.010243e-16 2.483821e-17
5578.480000 4.376890e-16 2.742354e-17
5581.480000 3.798957e-16 2.447053e-17
5584.480000 3.520914e-16 1.899623e-17
5587.480000 3.644342e-16 1.573596e-17
5590.480000 3.745147e-16 1.435374e-17
5593.480000 3.847368e-16 1.385924e-17
5596.480000 3.746169e-16 1.327197e-17
5599.480000 3.579243e-16 1.272870e-17
5602.480000 3.686914e-16 1.242257e-17
5605.480000 3.675536e-16 1.213290e-17
5608.480000 3.745656e-16 1.190087e-17
5611.480000 3.745170e-16 1.165394e-17
5614.480000 3.500795e-16 1.117859e-17
5617.480000 3.541738e-16 1.090386e-17
5620.480000 3.585030e-16 1.077117e-17
5623.480000 3.655870e-16 1.054393e-17
5626.480000 3.674984e-16 1.035044e-17
5629.480000 3.728492e-16 1.017613e-17
5632.480000 3.754693e-16 1.001012e-17
5635.480000 3.777512e-16 9.908903e-18
5638.480000 3.809738e-16 9.961113e-18
5641.480000 3.727513e-16 9.896874e-18
5644.480000 3.715842e-16 9.839368e-18
5647.480000 3.741800e-16 1.024360e-17
5650.480000 3.663956e-16 9.996560e-18
5653.480000 3.581800e-16 9.597819e-18
5656.480000 3.594460e-16 9.416072e-18
5659.480000 3.523976e-16 9.323112e-18
5662.480000 3.476981e-16 9.341609e-18
5665.480000 3.417795e-16 9.341851e-18
5668.480000 3.400101e-16 9.328641e-18
5671.480000 3.320709e-16 9.400827e-18
5674.480000 3.355997e-16 9.528753e-18
5677.480000 3.281077e-16 9.536762e-18
5680.480000 3.169721e-16 9.635455e-18
5683.480000 3.291936e-16 9.842925e-18
5686.480000 3.269744e-16 9.954221e-18
5689.480000 3.256578e-16 1.044750e-17
5692.480000 3.524557e-16 1.083250e-17
5695.480000 3.641451e-16 1.091570e-17
5698.480000 3.724093e-16 1.126785e-17
5701.480000 3.695696e-16 1.148917e-17
5704.480000 3.460535e-16 1.156495e-17
5707.480000 3.419985e-16 1.193587e-17
5710.480000 3.426819e-16 1.183253e-17
5713.480000 3.322370e-16 1.188379e-17
5716.480000 3.354996e-16 1.186582e-17
5719.480000 3.613958e-16 1.179465e-17
5722.480000 3.787022e-16 1.165537e-17
5725.480000 3.793677e-16 1.164716e-17
5728.480000 3.507331e-16 1.104255e-17
5731.480000 3.851855e-16 1.074646e-17
5734.480000 3.617111e-16 1.037751e-17
5737.480000 3.659961e-16 1.014436e-17
5740.480000 3.792544e-16 9.983971e-18
5743.480000 3.905774e-16 9.865048e-18
5746.480000 3.901396e-16 9.721107e-18
5749.480000 3.955696e-16 9.530778e-18
5752.480000 3.917019e-16 9.422057e-18
5755.480000 3.749935e-16 9.429811e-18
5758.480000 3.650817e-16 9.181736e-18
5761.480000 3.662702e-16 8.713261e-18
5764.480000 3.711077e-16 8.569439e-18
5767.480000 3.706608e-16 8.439620e-18
5770.480000 3.594507e-16 8.326376e-18
5773.480000 3.434231e-16 8.244766e-18
5776.480000 3.396084e-16 8.213243e-18
5779.480000 3.541208e-16 8.254328e-18
5782.480000 3.672758e-16 8.324045e-18
5785.480000 3.777787e-16 8.369140e-18
5788.480000 3.836191e-16 8.440036e-18
5791.480000 3.840731e-16 8.525936e-18
5794.480000 3.899186e-16 8.667635e-18
5797.480000 4.025756e-16 8.824029e-18
5800.480000 4.020442e-16 8.916470e-18
5803.480000 3.820297e-16 8.909159e-18
5806.480000 3.750590e-16 9.040754e-18
5809.480000 3.780588e-16 9.208542e-18
5812.480000 3.784011e-16 9.357552e-18
5815.480000 3.694860e-16 9.488835e-18
5818.480000 3.697704e-16 9.741950e-18
5821.480000 3.777271e-16 9.933092e-18
5824.480000 3.830868e-16 1.016936e-17
5827.480000 3.804324e-16 1.041334e-17
5830.480000 3.868538e-16 1.069073e-17
5833.480000 3.974907e-16 1.091551e-17
5836.480000 3.629137e-16 1.090763e-17
5839.480000 3.754664e-16 1.109130e-17
5842.480000 3.748475e-16 1.105933e-17
5845.480000 3.617739e-16 1.071383e-17
5848.480000 3.561357e-16 1.041988e-17
5851.480000 3.705039e-16 1.022265e-17
5854.480000 3.769335e-16 1.002395e-17
5857.480000 3.703029e-16 9.757882e-18
5860.480000 3.792276e-16 9.620875e-18
5863.480000 3.881694e-16 9.527592e-18
5866.480000 3.831057e-16 9.382387e-18
5869.480000 3.636142e-16 9.106132e-18
5872.480000 3.870852e-16 8.979254e-18
5875.480000 3.887851e-16 8.785183e-18
5878.480000 3.726530e-16 8.542580e-18
5881.480000 3.813188e-16 8.550583e-18
5884.480000 3.790838e-16 8.647234e-18
5887.480000 3.666521e-16 8.988710e-18
5890.480000 3.678384e-16 9.360987e-18
5893.480000 3.676199e-16 9.295788e-18
5896.480000 3.694756e-16 8.951322e-18
5899.480000 3.682091e-16 8.519948e-18
5902.480000 3.616866e-16 8.145692e-18
5905.480000 3.636555e-16 7.964464e-18
5908.480000 3.713163e-16 7.935305e-18
5911.480000 3.749741e-16 7.956548e-18
5914.480000 3.787062e-16 8.015229e-18
5917.480000 3.682629e-16 8.040645e-18
5920.480000 3.579859e-16 8.027112e-18
5923.480000 3.666015e-16 8.138847e-18
5926.480000 3.622516e-16 8.241114e-18
5929.480000 3.671127e-16 8.412993e-18
5932.480000 3.718627e-16 8.607464e-18
5935.480000 3.672398e-16 8.730262e-18
5938.480000 3.813896e-16 8.974911e-18
5941.480000 3.770997e-16 9.056669e-18
5944.480000 3.841048e-16 9.263796e-18
5947.480000 3.802541e-16 9.437505e-18
5950.480000 3.650900e-16 9.568173e-18
5953.480000 3.704316e-16 9.877684e-18
5956.480000 3.855177e-16 1.011335e-17
5959.480000 3.757297e-16 1.017101e-17
5962.480000 3.685666e-16 1.039549e-17
5965.480000 3.766615e-16 1.056723e-17
5968.480000 3.694996e-16 1.043038e-17
5971.480000 3.545988e-16 1.008822e-17
5974.480000 3.677498e-16 9.843537e-18
5977.480000 3.700263e-16 9.612479e-18
5980.480000 3.748582e-16 9.456632e-18
5983.480000 3.600202e-16 9.055596e-18
5986.480000 3.658881e-16 8.868177e-18
5989.480000 3.778219e-16 8.800803e-18
5992.480000 3.608923e-16 8.494161e-18
5995.480000 3.588560e-16 8.340571e-18
5998.480000 3.551159e-16 8.218703e-18
6001.480000 3.633143e-16 8.273785e-18
6004.480000 3.680774e-16 8.478452e-18
6007.480000 3.526424e-16 7.798064e-18
6010.480000 3.574134e-16 7.577878e-18
6013.480000 3.535137e-16 7.497701e-18
6016.480000 3.461543e-16 7.332504e-18
6019.480000 3.646972e-16 7.360486e-18
6022.480000 3.739297e-16 7.385541e-18
6025.480000 3.661147e-16 7.310936e-18
6028.480000 3.703127e-16 7.306690e-18
6031.480000 3.815247e-16 7.324567e-18
6034.480000 3.757660e-16 7.274138e-18
6037.480000 3.650579e-16 7.249144e-18
6040.480000 3.593926e-16 7.242469e-18
6043.480000 3.538700e-16 7.278252e-18
6046.480000 3.509679e-16 7.311102e-18
6049.480000 3.592114e-16 7.445491e-18
6052.480000 3.702776e-16 7.645109e-18
6055.480000 3.673342e-16 7.713308e-18
6058.480000 3.617879e-16 7.789402e-18
6061.480000 3.602501e-16 8.161203e-18
6064.480000 3.510229e-16 8.426483e-18
6067.480000 3.531983e-16 8.292720e-18
6070.480000 3.568429e-16 8.328936e-18
6073.480000 3.605686e-16 8.601416e-18
6076.480000 3.613868e-16 8.834185e-18
6079.480000 3.600775e-16 9.035761e-18
6082.480000 3.602410e-16 9.302986e-18
6085.480000 3.560420e-16 1.067266e-17
6088.480000 3.650334e-16 1.023922e-17
6091.480000 3.770686e-16 9.958093e-18
6094.480000 3.602301e-16 9.412883e-18
6097.480000 3.707234e-16 9.243920e-18
6100.480000 3.635822e-16 8.986691e-18
6103.480000 3.664149e-16 8.794473e-18
6106.480000 3.672365e-16 8.620504e-18
6109.480000 3.542725e-16 8.323761e-18
6112.480000 3.577297e-16 8.107302e-18
6115.480000 3.612015e-16 7.946560e-18
6118.480000 3.603775e-16 7.802946e-18
6121.480000 3.488240e-16 7.551156e-18
6124.480000 3.438235e-16 7.377942e-18
6127.480000 3.411803e-16 7.314575e-18
6130.480000 3.482639e-16 7.660597e-18
6133.480000 3.479316e-16 7.148138e-18
6136.480000 3.489606e-16 6.964353e-18
6139.480000 3.473101e-16 6.881836e-18
6142.480000 3.453232e-16 6.845958e-18
6145.480000 3.453422e-16 6.839805e-18
6148.480000 3.541529e-16 6.798537e-18
6151.480000 3.633461e-16 6.815660e-18
6154.480000 3.708483e-16 6.813569e-18
6157.480000 3.646939e-16 6.734689e-18
6160.480000 3.451687e-16 6.656430e-18
6163.480000 3.462434e-16 6.720719e-18
6166.480000 3.536918e-16 6.823052e-18
6169.480000 3.524487e-16 6.873232e-18
6172.480000 3.411520e-16 6.861481e-18
6175.480000 3.377675e-16 6.970646e-18
6178.480000 3.353501e-16 7.051671e-18
6181.480000 3.373098e-16 7.241342e-18
6184.480000 3.445648e-16 7.401774e-18
6187.480000 3.410576e-16 7.431158e-18
6190.480000 3.462137e-16 7.616115e-18
6193.480000 3.570970e-16 7.848937e-18
6196.480000 3.523811e-16 8.000595e-18
6199.480000 3.576928e-16 8.109757e-18
6202.480000 3.466157e-16 8.184010e-18
6205.480000 3.435183e-16 8.384283e-18
6208.480000 3.364734e-16 8.517124e-18
6211.480000 3.387912e-16 8.700597e-18
6214.480000 3.423226e-16 8.935439e-18
6217.480000 3.460194e-16 8.988564e-18
6220.480000 3.444625e-16 8.818857e-18
6223.480000 3.547055e-16 8.667717e-18
6226.480000 3.601527e-16 8.496893e-18
6229.480000 3.526746e-16 8.317179e-18
6232.480000 3.437198e-16 8.147845e-18
6235.480000 3.445119e-16 8.047549e-18
6238.480000 3.543799e-16 7.950175e-18
6241.480000 3.645602e-16 7.815550e-18
6244.480000 3.454413e-16 7.507275e-18
6247.480000 3.484955e-16 7.325960e-18
6250.480000 3.679156e-16 7.255006e-18
6253.480000 3.628522e-16 7.295349e-18
6256.480000 3.463048e-16 7.370301e-18
6259.480000 3.397662e-16 7.224810e-18
6262.480000 3.406678e-16 6.867681e-18
6265.480000 3.510505e-16 6.794004e-18
6268.480000 3.558564e-16 6.887487e-18
6271.480000 3.544612e-16 6.673186e-18
6274.480000 3.510609e-16 6.400406e-18
6277.480000 3.577191e-16 6.370935e-18
6280.480000 3.565813e-16 6.381056e-18
6283.480000 3.602210e-16 6.481106e-18
6286.480000 3.728251e-16 6.620574e-18
6289.480000 3.783380e-16 6.730154e-18
6292.480000 3.774337e-16 6.914107e-18
6295.480000 3.762853e-16 7.414879e-18
6298.480000 3.770681e-16 8.104376e-18
6301.480000 3.906725e-16 8.408801e-18
6304.480000 3.849510e-16 8.097462e-18
6307.480000 3.756162e-16 7.594543e-18
6310.480000 3.627200e-16 7.525385e-18
6313.480000 3.660852e-16 7.603617e-18
6316.480000 3.573005e-16 7.482255e-18
6319.480000 3.610050e-16 7.456802e-18
6322.480000 3.572288e-16 7.578651e-18
6325.480000 3.718052e-16 7.874209e-18
6328.480000 3.740602e-16 8.088800e-18
6331.480000 3.476742e-16 8.209181e-18
6334.480000 3.432610e-16 8.328987e-18
6337.480000 3.537967e-16 8.479611e-18
6340.480000 3.482908e-16 8.611082e-18
6343.480000 3.603266e-16 8.678402e-18
6346.480000 3.470118e-16 8.532505e-18
6349.480000 3.525733e-16 8.605676e-18
6352.480000 3.661704e-16 8.458799e-18
6355.480000 3.624299e-16 8.063841e-18
6358.480000 3.710919e-16 7.965265e-18
6361.480000 3.733144e-16 7.972916e-18
6364.480000 3.738087e-16 7.983558e-18
6367.480000 3.632099e-16 7.866717e-18
6370.480000 3.605870e-16 8.074720e-18
6373.480000 3.562676e-16 7.926164e-18
6376.480000 3.552553e-16 7.099170e-18
6379.480000 3.541683e-16 6.669169e-18
6382.480000 3.625682e-16 6.554085e-18
6385.480000 3.601952e-16 6.456505e-18
6388.480000 3.528426e-16 6.349906e-18
6391.480000 3.548929e-16 6.272789e-18
6394.480000 3.473954e-16 6.181776e-18
6397.480000 3.460158e-16 6.090743e-18
6400.480000 3.578922e-16 6.079065e-18
6403.480000 3.522926e-16 6.030853e-18
6406.480000 3.507204e-16 5.991742e-18
6409.480000 3.652028e-16 6.059683e-18
6412.480000 3.683389e-16 6.113984e-18
6415.480000 3.631884e-16 6.143874e-18
6418.480000 3.517120e-16 6.138601e-18
6421.480000 3.343853e-16 6.107842e-18
6424.480000 3.341607e-16 6.219608e-18
6427.480000 3.443334e-16 6.630119e-18
6430.480000 3.483681e-16 6.466128e-18
6433.480000 3.414461e-16 6.457802e-18
6436.480000 3.346707e-16 6.547378e-18
6439.480000 3.457112e-16 6.739596e-18
6442.480000 3.494008e-16 6.854280e-18
6445.480000 3.333737e-16 6.885135e-18
6448.480000 3.331392e-16 7.061900e-18
6451.480000 3.278736e-16 7.179758e-18
6454.480000 3.220921e-16 7.298738e-18
6457.480000 3.069441e-16 7.363384e-18
6460.480000 3.026607e-16 7.608009e-18
6463.480000 3.058062e-16 7.817613e-18
6466.480000 2.991463e-16 7.984086e-18
6469.480000 3.193699e-16 8.134865e-18
6472.480000 3.294381e-16 8.057557e-18
6475.480000 3.385045e-16 7.843665e-18
6478.480000 3.320629e-16 7.613650e-18
6481.480000 3.404125e-16 7.503239e-18
6484.480000 3.418544e-16 7.277075e-18
6487.480000 3.582646e-16 7.137723e-18
6490.480000 3.473519e-16 6.949942e-18
6493.480000 3.465415e-16 6.829039e-18
6496.480000 3.504636e-16 6.806218e-18
6499.480000 3.511312e-16 6.762780e-18
6502.480000 3.520047e-16 6.632100e-18
6505.480000 3.555410e-16 6.424384e-18
6508.480000 3.492947e-16 6.234569e-18
6511.480000 3.457306e-16 6.070886e-18
6514.480000 3.395982e-16 5.951422e-18
6517.480000 3.341700e-16 5.874257e-18
6520.480000 3.307614e-16 5.830213e-18
6523.480000 3.301131e-16 5.786894e-18
6526.480000 3.362773e-16 5.799378e-18
6529.480000 3.499038e-16 5.869869e-18
6532.480000 3.539732e-16 5.914815e-18
6535.480000 3.459265e-16 5.895450e-18
6538.480000 3.395889e-16 5.865807e-18
6541.480000 3.302590e-16 5.828734e-18
6544.480000 3.296418e-16 5.885965e-18
6547.480000 3.373772e-16 6.009051e-18
6550.480000 3.452268e-16 6.147665e-18
6553.480000 3.377834e-16 6.211537e-18
6556.480000 3.323037e-16 6.250201e-18
6559.480000 3.333504e-16 6.318539e-18
6562.480000 3.363112e-16 6.433865e-18
6565.480000 3.379975e-16 6.549836e-18
6568.480000 3.485087e-16 6.719769e-18
6571.480000 3.345287e-16 6.807394e-18
6574.480000 3.147555e-16 6.863257e-18
6577.480000 3.229730e-16 7.085677e-18
6580.480000 3.240014e-16 7.197349e-18
6583.480000 3.327786e-16 7.324113e-18
6586.480000 3.281679e-16 7.393674e-18
6589.480000 3.289466e-16 7.574828e-18
6592.480000 3.309208e-16 7.762144e-18
6595.480000 3.339567e-16 7.687583e-18
6598.480000 3.110411e-16 7.400036e-18
6601.480000 3.247345e-16 7.333873e-18
6604.480000 3.284743e-16 7.259577e-18
6607.480000 3.316970e-16 7.061941e-18
6610.480000 3.401193e-16 6.954070e-18
6613.480000 3.388752e-16 6.740113e-18
6616.480000 3.452340e-16 6.614504e-18
6619.480000 3.478326e-16 6.403805e-18
6622.480000 3.447604e-16 6.283119e-18
6625.480000 3.389061e-16 6.159758e-18
6628.480000 3.355557e-16 6.046533e-18
6631.480000 3.414638e-16 5.970756e-18
6634.480000 3.409788e-16 5.890614e-18
6637.480000 3.412507e-16 5.769398e-18
6640.480000 3.435355e-16 5.689204e-18
6643.480000 3.412620e-16 5.601122e-18
6646.480000 3.447867e-16 5.550900e-18
6649.480000 3.465251e-16 5.543431e-18
6652.480000 3.409442e-16 5.527888e-18
6655.480000 3.398314e-16 5.516357e-18
6658.480000 3.469006e-16 5.527814e-18
6661.480000 3.425127e-16 5.485058e-18
6664.480000 3.354725e-16 5.488316e-18
6667.480000 3.343847e-16 5.518520e-18
6670.480000 3.319774e-16 5.524357e-18
6673.480000 3.320479e-16 5.583239e-18
6676.480000 3.368031e-16 5.695519e-18
6679.480000 3.379491e-16 5.751700e-18
6682.480000 3.355413e-16 5.820925e-18
6685.480000 3.499071e-16 5.994664e-18
6688.480000 3.509235e-16 6.084125e-18
6691.480000 3.433893e-16 6.156598e-18
6694.480000 3.335136e-16 6.241046e-18
6697.480000 3.326047e-16 6.386031e-18
6700.480000 3.317506e-16 6.525027e-18
6703.480000 3.270873e-16 6.624652e-18
6706.480000 3.335047e-16 6.783287e-18
6709.480000 3.369819e-16 6.958396e-18
6712.480000 3.335233e-16 7.099968e-18
6715.480000 3.284972e-16 7.242960e-18
6718.480000 3.221404e-16 7.299359e-18
6721.480000 3.266312e-16 7.275010e-18
6724.480000 3.249768e-16 7.093224e-18
6727.480000 3.285546e-16 6.965297e-18
6730.480000 3.298568e-16 6.810827e-18
6733.480000 3.442317e-16 6.735182e-18
6736.480000 3.384561e-16 6.995832e-18
6739.480000 3.149725e-16 6.435138e-18
6742.480000 3.179722e-16 6.234730e-18
6745.480000 3.177355e-16 6.099980e-18
6748.480000 3.206937e-16 5.920836e-18
6751.480000 3.099645e-16 5.715189e-18
6754.480000 3.165611e-16 5.657607e-18
6757.480000 3.058739e-16 5.463049e-18
6760.480000 3.039277e-16 5.376112e-18
6763.480000 3.032152e-16 5.315898e-18
6766.480000 3.118307e-16 5.271622e-18
6769.480000 3.162933e-16 5.226765e-18
6772.480000 3.116152e-16 5.177500e-18
6775.480000 3.113687e-16 5.150494e-18
6778.480000 3.102864e-16 5.131950e-18
6781.480000 3.124197e-16 5.121721e-18
6784.480000 3.152068e-16 5.123494e-18
6787.480000 3.184309e-16 5.152648e-18
6790.480000 3.195343e-16 5.181640e-18
6793.480000 3.159447e-16 5.186688e-18
6796.480000 3.150030e-16 5.234161e-18
6799.480000 3.146795e-16 5.299177e-18
6802.480000 3.203182e-16 5.389585e-18
6805.480000 3.189182e-16 5.481402e-18
6808.480000 3.100785e-16 5.627874e-18
6811.480000 3.088148e-16 6.641944e-18
6814.480000 3.109238e-16 6.616929e-18
6817.480000 3.116502e-16 6.863680e-18
6820.480000 3.117637e-16 6.183174e-18
6823.480000 3.184069e-16 6.267326e-18
6826.480000 3.023504e-16 6.467934e-18
6829.480000 3.032634e-16 6.810246e-18
6832.480000 3.060271e-16 7.026431e-18
6835.480000 2.991628e-16 7.063225e-18
6838.480000 3.025345e-16 7.056945e-18
6841.480000 3.058855e-16 7.077770e-18
6844.480000 3.044006e-16 7.078655e-18
6847.480000 3.000491e-16 6.920949e-18
6850.480000 3.008918e-16 6.731422e-18
6853.480000 3.087059e-16 6.611750e-18
6856.480000 2.979947e-16 6.481910e-18
6859.480000 2.995303e-16 6.530101e-18
6862.480000 2.993098e-16 6.743686e-18
6865.480000 3.024268e-16 6.990374e-18
6868.480000 2.965519e-16 6.921845e-18
6871.480000 2.900682e-16 6.664783e-18
6874.480000 2.895417e-16 6.338620e-18
6877.480000 2.988891e-16 6.074509e-18
6880.480000 3.266381e-16 6.014596e-18
6883.480000 3.197009e-16 5.823241e-18
6886.480000 3.126328e-16 5.730663e-18
6889.480000 3.072380e-16 5.632319e-18
6892.480000 3.076938e-16 5.576660e-18
6895.480000 3.119983e-16 5.506323e-18
6898.480000 3.193293e-16 5.514147e-18
6901.480000 3.192063e-16 5.473369e-18
6904.480000 3.148892e-16 5.324238e-18
6907.480000 3.198432e-16 5.282678e-18
6910.480000 3.323539e-16 5.379028e-18
6913.480000 3.281530e-16 5.436090e-18
6916.480000 3.169072e-16 5.402038e-18
6919.480000 3.153954e-16 5.437662e-18
6922.480000 3.172129e-16 5.521229e-18
6925.480000 3.161664e-16 5.529917e-18
6928.480000 3.159856e-16 5.485088e-18
6931.480000 3.155397e-16 5.454686e-18
6934.480000 3.176111e-16 5.545747e-18
6937.480000 3.225423e-16 5.726079e-18
6940.480000 3.192811e-16 5.860540e-18
6943.480000 3.136021e-16 6.028559e-18
6946.480000 3.046113e-16 6.290592e-18
6949.480000 3.106007e-16 6.386032e-18
6952.480000 3.181935e-16 6.434104e-18
6955.480000 3.120033e-16 6.386057e-18
6958.480000 3.127448e-16 6.456633e-18
6961.480000 3.172606e-16 6.579776e-18
6964.480000 3.111762e-16 6.699012e-18
6967.480000 3.012525e-16 6.859958e-18
6970.480000 2.993632e-16 6.941557e-18
6973.480000 3.039247e-16 6.874796e-18
6976.480000 3.049108e-16 6.788496e-18
6979.480000 3.048708e-16 6.659369e-18
6982.480000 3.085730e-16 6.458572e-18
6985.480000 3.065441e-16 6.194546e-18
6988.480000 3.074465e-16 6.025298e-18
6991.480000 3.117843e-16 5.932399e-18
6994.480000 3.148603e-16 5.794674e-18
6997.480000 3.169525e-16 5.704463e-18
7000.480000 3.122972e-16 5.575813e-18
7003.480000 3.171749e-16 5.530249e-18
7006.480000 3.205314e-16 5.456896e-18
7009.480000 3.200936e-16 5.389129e-18
7012.480000 3.193343e-16 5.321879e-18
7015.480000 3.114843e-16 5.162974e-18
7018.480000 3.128297e-16 5.053434e-18
7021.480000 3.147325e-16 4.984658e-18
7024.480000 3.079435e-16 4.931725e-18
7027.480000 3.065325e-16 4.913498e-18
7030.480000 3.149637e-16 4.919236e-18
7033.480000 3.176028e-16 4.911099e-18
7036.480000 3.162703e-16 4.909583e-18
7039.480000 3.159823e-16 4.960295e-18
7042.480000 3.155409e-16 5.038091e-18
7045.480000 3.214133e-16 5.130439e-18
7048.480000 3.230081e-16 5.207898e-18
7051.480000 3.102494e-16 5.224572e-18
7054.480000 3.072023e-16 5.305098e-18
7057.480000 3.199764e-16 5.376445e-18
7060.480000 3.222941e-16 5.496291e-18
7063.480000 3.205160e-16 5.575012e-18
7066.480000 3.191979e-16 5.667602e-18
7069.480000 3.152551e-16 5.683009e-18
7072.480000 3.080746e-16 5.755612e-18
7075.480000 3.043426e-16 5.867738e-18
7078.480000 3.084912e-16 6.045674e-18
7081.480000 3.089624e-16 6.166618e-18
7084.480000 3.119286e-16 6.301162e-18
7087.480000 3.134626e-16 6.474139e-18
7090.480000 3.165239e-16 6.646410e-18
7093.480000 3.159973e-16 6.768240e-18
7096.480000 3.167639e-16 6.767665e-18
7099.480000 3.170282e-16 6.601329e-18
7102.480000 3.087185e-16 6.409176e-18
7105.480000 3.078049e-16 6.247204e-18
7108.480000 3.055770e-16 6.104035e-18
7111.480000 3.022582e-16 5.947246e-18
7114.480000 3.016050e-16 5.787684e-18
7117.480000 3.007817e-16 5.649282e-18
7120.480000 2.939911e-16 5.536456e-18
7123.480000 2.895952e-16 5.437228e-18
7126.480000 2.957675e-16 5.345679e-18
7129.480000 3.050801e-16 5.289411e-18
7132.480000 3.134470e-16 5.236668e-18
7135.480000 3.181883e-16 5.176436e-18
7138.480000 3.100900e-16 5.075918e-18
7141.480000 3.102357e-16 5.045739e-18
7144.480000 3.107719e-16 5.031041e-18
7147.480000 3.122262e-16 4.976972e-18
7150.480000 3.158121e-16 4.940299e-18
7153.480000 3.144461e-16 4.882418e-18
7156.480000 3.130248e-16 4.851586e-18
7159.480000 3.121694e-16 4.843466e-18
7162.480000 3.100180e-16 4.831315e-18
7165.480000 3.125730e-16 4.864270e-18
7168.480000 3.159719e-16 4.919755e-18
7171.480000 3.100301e-16 4.953423e-18
7174.480000 3.017326e-16 5.112475e-18
7177.480000 2.982134e-16 5.154574e-18
7180.480000 2.900679e-16 5.102253e-18
7183.480000 2.873090e-16 5.111707e-18
7186.480000 2.824188e-16 5.128106e-18
7189.480000 2.740311e-16 5.110590e-18
7192.480000 2.847864e-16 5.244096e-18
7195.480000 2.841650e-16 5.385958e-18
7198.480000 2.827970e-16 5.521177e-18
7201.480000 2.883627e-16 5.688926e-18
7204.480000 2.995746e-16 5.816480e-18
7207.480000 2.994599e-16 5.904382e-18
7210.480000 3.150771e-16 6.137262e-18
7213.480000 3.221548e-16 6.371296e-18
7216.480000 3.354172e-16 6.609123e-18
7219.480000 3.424932e-16 6.904003e-18
7222.480000 3.338403e-16 6.888517e-18
7225.480000 3.276056e-16 6.692115e-18
7228.480000 3.190481e-16 6.499776e-18
7231.480000 3.096727e-16 6.388124e-18
7234.480000 2.912896e-16 6.306087e-18
7237.480000 2.956339e-16 6.528059e-18
7240.480000 3.039750e-16 6.850800e-18
7243.480000 2.971411e-16 6.907414e-18
7246.480000 2.956767e-16 6.602360e-18
7249.480000 3.020991e-16 6.140218e-18
7252.480000 3.005145e-16 5.718794e-18
7255.480000 2.978653e-16 5.445527e-18
7258.480000 2.971651e-16 5.235410e-18
7261.480000 2.983942e-16 5.072805e-18
7264.480000 3.024841e-16 5.000477e-18
7267.480000 3.004937e-16 5.010095e-18
7270.480000 2.968881e-16 5.152433e-18
7273.480000 2.982786e-16 5.453412e-18
7276.480000 3.003470e-16 5.725879e-18
7279.480000 3.073905e-16 5.698316e-18
7282.480000 3.091379e-16 5.458541e-18
7285.480000 3.015285e-16 5.283280e-18
7288.480000 2.961228e-16 5.296215e-18
7291.480000 2.962754e-16 5.293702e-18
7294.480000 2.929016e-16 5.136170e-18
7297.480000 2.952873e-16 5.047208e-18
7300.480000 2.993612e-16 5.105723e-18
7303.480000 3.003308e-16 5.179209e-18
7306.480000 3.019599e-16 5.220664e-18
7309.480000 2.937447e-16 5.322417e-18
7312.480000 2.869533e-16 5.617767e-18
7315.480000 2.884480e-16 6.000996e-18
7318.480000 2.885137e-16 6.156023e-18
7321.480000 2.930188e-16 5.894298e-18
7324.480000 2.952246e-16 5.867996e-18
7327.480000 2.933139e-16 6.050801e-18
7330.480000 2.918807e-16 6.232320e-18
7333.480000 3.170459e-16 6.462206e-18
7336.480000 3.100886e-16 6.666444e-18
7339.480000 3.004715e-16 7.204533e-18
7342.480000 2.789143e-16 7.423669e-18
7345.480000 2.673659e-16 7.093005e-18
7348.480000 2.770404e-16 6.655826e-18
7351.480000 2.821941e-16 6.375942e-18
7354.480000 2.815231e-16 6.299211e-18
7357.480000 2.821105e-16 6.340993e-18
7360.480000 2.921415e-16 6.325769e-18
7363.480000 3.012346e-16 6.218143e-18
7366.480000 3.020657e-16 6.224443e-18
7369.480000 2.926179e-16 6.302776e-18
7372.480000 2.908318e-16 6.100602e-18
7375.480000 2.969045e-16 5.692824e-18
7378.480000 2.969122e-16 5.323768e-18
7381.480000 2.969264e-16 5.151416e-18
7384.480000 2.926041e-16 5.056864e-18
7387.480000 2.862873e-16 4.980564e-18
7390.480000 2.841618e-16 4.980243e-18
7393.480000 2.837431e-16 4.996485e-18
7396.480000 2.900790e-16 4.984985e-18
7399.480000 2.938048e-16 5.031439e-18
7402.480000 2.921624e-16 5.089376e-18
7405.480000 2.917571e-16 4.990892e-18
7408.480000 2.841299e-16 4.774804e-18
7411.480000 2.801972e-16 4.650216e-18
7414.480000 2.838405e-16 4.637642e-18
7417.480000 2.864251e-16 4.654801e-18
7420.480000 2.855593e-16 4.679231e-18
7423.480000 2.803133e-16 4.767562e-18
7426.480000 2.828526e-16 4.900209e-18
7429.480000 2.887503e-16 5.189265e-18
7432.480000 2.887658e-16 5.174342e-18
7435.480000 2.870254e-16 5.223766e-18
7438.480000 2.934564e-16 5.355754e-18
7441.480000 2.963356e-16 5.367579e-18
7444.480000 2.943316e-16 5.366462e-18
7447.480000 2.986930e-16 5.420628e-18
7450.480000 2.902667e-16 5.458465e-18
7453.480000 2.879869e-16 5.575700e-18
7456.480000 3.012114e-16 5.786629e-18
7459.480000 2.979800e-16 6.010156e-18
7462.480000 2.968924e-16 6.189451e-18
7465.480000 2.971579e-16 6.369241e-18
7468.480000 3.017768e-16 6.578141e-18
7471.480000 2.971623e-16 6.734182e-18
7474.480000 2.892782e-16 6.692443e-18
7477.480000 2.879417e-16 6.548428e-18
7480.480000 2.922510e-16 6.479576e-18
7483.480000 2.848968e-16 6.310910e-18
7486.480000 2.819424e-16 6.041650e-18
7489.480000 2.872837e-16 5.782674e-18
7492.480000 2.862085e-16 5.588273e-18
7495.480000 2.824626e-16 5.428862e-18
7498.480000 2.843657e-16 5.295167e-18
7501.480000 2.798589e-16 5.132610e-18
7504.480000 2.769311e-16 5.025332e-18
7507.480000 2.798291e-16 4.934826e-18
7510.480000 2.869903e-16 4.903298e-18
7513.480000 2.924679e-16 4.891082e-18
7516.480000 2.892582e-16 4.872569e-18
7519.480000 2.919840e-16 4.964590e-18
7522.480000 2.889106e-16 5.120321e-18
7525.480000 2.883089e-16 5.210676e-18
7528.480000 2.937325e-16 5.110866e-18
7531.480000 2.909914e-16 4.892949e-18
7534.480000 2.887566e-16 4.739128e-18
7537.480000 2.880044e-16 4.675510e-18
7540.480000 2.914614e-16 4.673761e-18
7543.480000 2.950142e-16 4.684242e-18
7546.480000 2.854768e-16 4.655014e-18
7549.480000 2.787363e-16 4.664767e-18
7552.480000 2.805760e-16 4.764781e-18
7555.480000 2.863285e-16 4.903483e-18
7558.480000 2.942100e-16 5.017520e-18
7561.480000 2.897027e-16 5.069596e-18
7564.480000 2.881394e-16 5.169544e-18
7567.480000 2.871866e-16 5.370115e-18
7570.480000 2.894413e-16 5.662174e-18
7573.480000 2.934364e-16 5.802033e-18
7576.480000 2.874522e-16 5.727959e-18
7579.480000 2.762812e-16 5.623027e-18
7582.480000 2.754682e-16 5.760587e-18
7585.480000 2.865054e-16 6.059934e-18
7588.480000 2.916998e-16 6.454549e-18
7591.480000 2.884064e-16 6.858491e-18
7594.480000 2.961750e-16 8.011445e-18
7597.480000 2.884544e-16 9.291387e-18
7600.480000 2.928231e-16 1.071165e-17
7603.480000 2.656789e-16 1.059473e-17
7606.480000 2.746596e-16 1.030044e-17
7609.480000 2.666498e-16 9.300982e-18
7612.480000 2.613530e-16 8.172911e-18
7615.480000 2.671726e-16 7.240334e-18
7618.480000 2.971653e-16 7.069043e-18
7621.480000 2.920416e-16 6.808405e-18
7624.480000 2.751421e-16 6.923873e-18
7627.480000 2.769122e-16 7.112010e-18
7630.480000 2.807149e-16 7.122248e-18
7633.480000 2.806410e-16 6.821983e-18
7636.480000 2.803599e-16 6.441187e-18
7639.480000 2.831266e-16 6.178710e-18
7642.480000 2.770180e-16 5.907981e-18
7645.480000 2.736441e-16 5.681199e-18
7648.480000 2.797837e-16 5.524748e-18
7651.480000 2.832484e-16 5.467426e-18
7654.480000 2.859320e-16 5.352858e-18
7657.480000 2.848126e-16 5.174179e-18
7660.480000 2.811602e-16 5.066211e-18
7663.480000 2.771950e-16 5.000565e-18
7666.480000 2.747654e-16 4.892438e-18
7669.480000 2.748007e-16 4.796229e-18
7672.480000 2.786943e-16 4.776448e-18
7675.480000 2.847247e-16 4.819897e-18
7678.480000 2.757177e-16 4.834553e-18
7681.480000 2.674057e-16 4.879827e-18
7684.480000 2.652033e-16 5.031397e-18
7687.480000 2.677415e-16 5.136758e-18
7690.480000 2.785862e-16 5.343714e-18
7693.480000 2.845688e-16 5.705876e-18
7696.480000 2.804858e-16 5.531779e-18
7699.480000 2.734593e-16 5.515932e-18
7702.480000 2.667900e-16 5.621810e-18
7705.480000 2.726882e-16 5.819177e-18
7708.480000 2.873196e-16 6.426608e-18
7711.480000 2.891509e-16 7.296236e-18
7714.480000 2.867828e-16 8.016642e-18
7717.480000 2.748094e-16 8.217213e-18
7720.480000 2.875876e-16 7.882192e-18
7723.480000 2.962530e-16 7.359567e-18
7726.480000 2.916539e-16 6.985183e-18
7729.480000 2.871586e-16 6.579377e-18
7732.480000 2.879051e-16 6.292212e-18
7735.480000 2.861239e-16 6.068956e-18
7738.480000 2.774366e-16 6.052694e-18
7741.480000 2.751304e-16 6.562891e-18
7744.480000 2.648135e-16 7.021481e-18
7747.480000 2.698150e-16 7.128477e-18
7750.480000 2.861449e-16 7.453755e-18
7753.480000 3.034561e-16 6.949144e-18
7756.480000 2.885171e-16 6.070557e-18
7759.480000 2.814855e-16 5.651071e-18
7762.480000 2.723081e-16 5.419624e-18
7765.480000 2.653928e-16 5.123089e-18
7768.480000 2.674534e-16 5.007338e-18
7771.480000 2.726026e-16 5.096578e-18
7774.480000 2.752571e-16 5.164985e-18
7777.480000 2.703358e-16 5.131454e-18
7780.480000 2.590219e-16 5.024683e-18
7783.480000 2.564425e-16 4.948701e-18
7786.480000 2.612750e-16 5.190861e-18
7789.480000 2.726691e-16 5.616952e-18
7792.480000 2.768630e-16 5.746751e-18
7795.480000 2.710281e-16 5.630608e-18
7798.480000 2.693850e-16 5.341476e-18
7801.480000 2.654964e-16 5.049815e-18
7804.480000 2.611997e-16 5.067845e-18
7807.480000 2.642416e-16 5.312979e-18
7810.480000 2.531980e-16 5.404624e-18
7813.480000 2.499999e-16 5.390586e-18
7816.480000 2.706715e-16 5.731894e-18
7819.480000 2.775270e-16 6.342715e-18
7822.480000 2.790746e-16 6.646751e-18
7825.480000 2.684116e-16 6.308560e-18
7828.480000 2.657969e-16 5.837974e-18
7831.480000 2.687975e-16 5.727850e-18
7834.480000 2.595486e-16 5.809511e-18
7837.480000 2.558040e-16 6.107025e-18
7840.480000 2.558743e-16 6.487088e-18
7843.480000 2.602608e-16 6.730386e-18
7846.480000 2.423805e-16 6.775521e-18
7849.480000 2.501083e-16 7.285835e-18
7852.480000 2.630568e-16 7.945628e-18
7855.480000 2.739626e-16 7.996496e-18
7858.480000 2.681544e-16 7.466048e-18
7861.480000 2.604968e-16 6.867240e-18
7864.480000 2.643095e-16 6.516106e-18
7867.480000 2.737139e-16 6.337069e-18
7870.480000 2.675570e-16 6.347432e-18
7873.480000 2.671471e-16 6.169642e-18
7876.480000 2.584437e-16 5.862045e-18
7879.480000 2.615152e-16 5.764649e-18
7882.480000 2.649671e-16 5.764063e-18
7885.480000 2.550307e-16 5.678465e-18
7888.480000 2.586043e-16 5.689845e-18
7891.480000 2.726643e-16 5.725996e-18
7894.480000 2.762867e-16 5.487899e-18
7897.480000 2.704949e-16 5.080869e-18
7900.480000 2.602828e-16 4.812522e-18
7903.480000 2.626312e-16 4.799169e-18
7906.480000 2.688042e-16 4.936122e-18
7909.480000 2.780915e-16 5.362743e-18
7912.480000 2.904634e-16 5.968245e-18
7915.480000 2.908463e-16 6.190020e-18
7918.480000 2.807213e-16 5.966199e-18
7921.480000 2.799578e-16 5.717233e-18
7924.480000 2.800820e-16 5.482703e-18
7927.480000 2.848354e-16 5.387145e-18
7930.480000 2.889754e-16 5.470214e-18
7933.480000 2.873116e-16 5.465672e-18
7936.480000 2.818269e-16 5.298814e-18
7939.480000 2.762011e-16 5.203566e-18
7942.480000 2.759377e-16 5.303023e-18
7945.480000 2.751953e-16 5.533368e-18
7948.480000 2.782580e-16 5.801447e-18
7951.480000 2.754578e-16 5.876003e-18
7954.480000 2.758091e-16 5.863557e-18
7957.480000 2.717541e-16 5.923341e-18
7960.480000 2.707692e-16 6.410537e-18
7963.480000 2.861375e-16 7.253695e-18
7966.480000 2.982622e-16 7.620442e-18
7969.480000 2.795510e-16 7.220524e-18
7972.480000 2.817717e-16 6.938432e-18
7975.480000 2.779295e-16 6.944741e-18
7978.480000 2.802865e-16 7.099244e-18
7981.480000 2.697221e-16 6.899991e-18
7984.480000 2.639176e-16 6.459688e-18
7987.480000 2.638198e-16 6.296627e-18
7990.480000 2.791680e-16 6.694050e-18
7993.480000 2.797270e-16 7.096773e-18
7996.480000 2.654264e-16 6.792318e-18
7999.480000 2.662371e-16 6.063278e-18
8002.480000 2.770626e-16 5.575786e-18
8005.480000 2.786187e-16 5.339073e-18
8008.480000 2.764265e-16 5.252148e-18
8011.480000 2.752524e-16 5.305628e-18
8014.480000 2.787714e-16 5.419833e-18
8017.480000 2.782611e-16 5.375956e-18
8020.480000 2.795727e-16 5.331877e-18
8023.480000 2.929358e-16 5.574912e-18
8026.480000 2.900843e-16 5.727453e-18
8029.480000 2.785881e-16 5.519741e-18
8032.480000 2.699615e-16 5.111718e-18
8035.480000 2.744545e-16 4.843227e-18
8038.480000 2.778324e-16 4.755436e-18
8041.480000 2.730850e-16 4.732053e-18
8044.480000 2.772305e-16 4.792846e-18
8047.480000 2.793328e-16 4.897360e-18
8050.480000 2.840223e-16 5.057257e-18
8053.480000 2.860201e-16 5.160889e-18
8056.480000 2.772787e-16 5.195282e-18
8059.480000 2.728387e-16 5.331972e-18
8062.480000 2.737392e-16 5.522084e-18
8065.480000 2.733596e-16 5.562713e-18
8068.480000 2.779414e-16 5.491210e-18
8071.480000 2.773925e-16 5.462304e-18
8074.480000 2.694632e-16 5.515279e-18
8077.480000 2.762597e-16 5.632529e-18
8080.480000 2.779162e-16 5.744507e-18
8083.480000 2.792397e-16 5.886853e-18
8086.480000 2.845612e-16 6.097303e-18
8089.480000 2.823714e-16 6.310079e-18
8092.480000 2.689950e-16 6.504351e-18
8095.480000 2.624639e-16 6.950126e-18
8098.480000 2.738897e-16 7.053424e-18
8101.480000 2.911900e-16 6.985290e-18
8104.480000 2.784095e-16 6.865799e-18
8107.480000 2.817275e-16 6.477968e-18
8110.480000 2.662227e-16 6.219945e-18
8113.480000 2.669965e-16 5.995299e-18
8116.480000 2.787915e-16 5.904902e-18
8119.480000 2.874581e-16 5.995063e-18
8122.480000 2.771821e-16 6.236219e-18
8125.480000 2.712575e-16 5.763062e-18
8128.480000 2.676386e-16 5.520253e-18
8131.480000 2.771199e-16 5.523862e-18
8134.480000 2.851191e-16 5.449129e-18
8137.480000 2.968613e-16 5.425009e-18
8140.480000 2.865413e-16 5.457693e-18
8143.480000 2.823013e-16 5.329211e-18
8146.480000 2.768695e-16 5.079126e-18
8149.480000 2.662562e-16 4.949999e-18
8152.480000 2.671375e-16 4.847893e-18
8155.480000 2.748589e-16 4.822179e-18
8158.480000 2.710789e-16 4.771202e-18
8161.480000 2.702230e-16 4.757006e-18
8164.480000 2.769734e-16 4.798182e-18
8167.480000 2.804660e-16 4.832334e-18
8170.480000 2.847726e-16 4.876349e-18
8173.480000 2.844985e-16 4.878594e-18
8176.480000 2.815165e-16 4.899927e-18
8179.480000 2.786017e-16 4.949471e-18
8182.480000 2.749908e-16 5.051833e-18
8185.480000 2.759041e-16 5.159712e-18
8188.480000 2.797023e-16 5.279730e-18
8191.480000 2.777380e-16 5.399534e-18
8194.480000 2.761253e-16 5.750694e-18
8197.480000 2.750826e-16 6.239121e-18
8200.480000 2.957976e-16 5.895478e-18
8203.480000 2.853221e-16 5.900591e-18
8206.480000 2.790947e-16 5.862029e-18
8209.480000 2.792091e-16 5.995233e-18
8212.480000 2.771345e-16 6.116663e-18
8215.480000 2.752743e-16 6.253879e-18
8218.480000 2.737157e-16 6.360524e-18
8221.480000 2.742164e-16 6.568086e-18
8224.480000 2.781991e-16 6.741032e-18
8227.480000 2.705230e-16 6.647575e-18
8230.480000 2.702031e-16 6.533955e-18
8233.480000 2.749293e-16 6.430297e-18
8236.480000 2.797148e-16 6.337830e-18
8239.480000 2.829061e-16 6.183364e-18
8242.480000 2.875563e-16 6.066908e-18
8245.480000 2.828466e-16 5.943513e-18
8248.480000 2.790695e-16 5.808846e-18
8251.480000 2.762888e-16 5.735757e-18
8254.480000 2.821456e-16 5.629880e-18
8257.480000 2.856224e-16 5.535958e-18
8260.480000 2.914020e-16 5.497824e-18
8263.480000 2.890168e-16 5.364335e-18
8266.480000 2.860533e-16 5.258461e-18
8269.480000 2.811954e-16 5.206364e-18
8272.480000 2.789926e-16 5.266224e-18
8275.480000 2.735524e-16 5.408356e-18
8278.480000 2.830042e-16 5.783999e-18
8281.480000 2.955783e-16 6.119704e-18
8284.480000 2.936090e-16 6.245207e-18
8287.480000 2.855566e-16 6.264201e-18
8290.480000 2.813341e-16 6.191817e-18
8293.480000 2.739128e-16 6.053162e-18
8296.480000 2.750340e-16 6.207836e-18
8299.480000 2.846595e-16 6.352880e-18
8302.480000 2.835698e-16 6.030753e-18
8305.480000 2.820670e-16 5.662056e-18
8308.480000 2.837013e-16 5.624575e-18
8311.480000 2.827376e-16 5.694077e-18
8314.480000 2.789781e-16 5.595501e-18
8317.480000 2.766013e-16 5.554078e-18
8320.480000 2.673108e-16 5.549640e-18
8323.480000 2.588272e-16 5.587278e-18
8326.480000 2.602005e-16 5.685931e-18
8329.480000 2.736718e-16 5.870326e-18
8332.480000 2.666392e-16 6.010276e-18
8335.480000 2.636091e-16 6.363639e-18
8338.480000 2.684216e-16 7.120351e-18
8341.480000 2.985393e-16 8.660289e-18
8344.480000 3.008427e-16 1.003804e-17
8347.480000 2.902044e-16 9.953494e-18
8350.480000 2.643906e-16 9.007885e-18
8353.480000 2.685427e-16 8.441431e-18
8356.480000 2.564989e-16 7.705435e-18
8359.480000 2.617434e-16 7.009247e-18
8362.480000 2.727277e-16 6.839293e-18
8365.480000 2.734206e-16 6.753537e-18
8368.480000 2.598824e-16 6.400656e-18
8371.480000 2.591045e-16 6.063431e-18
8374.480000 2.656499e-16 5.936091e-18
8377.480000 2.649742e-16 5.977527e-18
8380.480000 2.716865e-16 6.242690e-18
8383.480000 2.743547e-16 6.336313e-18
8386.480000 2.691309e-16 5.965392e-18
8389.480000 2.671670e-16 5.585868e-18
8392.480000 2.635469e-16 5.565897e-18
8395.480000 2.573004e-16 6.000417e-18
8398.480000 2.682127e-16 6.743366e-18
8401.480000 2.508273e-16 6.796066e-18
8404.480000 2.316513e-16 5.952355e-18
8407.480000 2.355271e-16 5.270973e-18
8410.480000 2.516021e-16 5.285934e-18
8413.480000 2.653222e-16 5.585509e-18
8416.480000 2.617448e-16 5.712752e-18
8419.480000 2.467759e-16 5.483974e-18
8422.480000 2.383975e-16 5.379602e-18
8425.480000 2.454844e-16 5.952968e-18
8428.480000 2.736126e-16 7.004203e-18
8431.480000 2.839808e-16 7.341679e-18
8434.480000 2.605126e-16 6.572888e-18
8437.480000 2.602008e-16 5.771931e-18
8440.480000 2.620784e-16 5.468322e-18
8443.480000 2.608392e-16 5.529292e-18
8446.480000 2.527739e-16 5.750041e-18
8449.480000 2.617943e-16 6.282239e-18
8452.480000 2.740528e-16 6.662725e-18
8455.480000 2.678398e-16 6.634684e-18
8458.480000 2.570971e-16 6.574148e-18
8461.480000 2.657110e-16 7.244317e-18
8464.480000 2.923502e-16 8.290840e-18
8467.480000 2.719919e-16 8.398074e-18
8470.480000 2.504184e-16 7.580097e-18
8473.480000 2.553298e-16 7.029663e-18
8476.480000 2.514604e-16 6.855279e-18
8479.480000 2.580844e-16 6.795612e-18
8482.480000 2.648374e-16 6.640002e-18
8485.480000 2.543628e-16 6.422150e-18
8488.480000 2.511701e-16 6.372257e-18
8491.480000 2.506054e-16 6.489611e-18
8494.480000 2.518232e-16 6.598386e-18
8497.480000 2.545065e-16 6.430524e-18
8500.480000 2.588189e-16 6.332649e-18
8503.480000 2.750545e-16 6.627818e-18
8506.480000 2.757160e-16 6.693365e-18
8509.480000 2.581470e-16 6.204587e-18
8512.480000 2.555440e-16 5.641805e-18
8515.480000 2.507679e-16 5.360456e-18
8518.480000 2.571074e-16 5.244515e-18
8521.480000 2.655203e-16 5.198151e-18
8524.480000 2.640457e-16 5.081045e-18
8527.480000 2.581323e-16 4.986590e-18
8530.480000 2.595870e-16 4.966981e-18
8533.480000 2.599294e-16 5.006840e-18
8536.480000 2.594017e-16 5.113094e-18
8539.480000 2.631095e-16 5.219482e-18
8542.480000 2.617237e-16 5.253329e-18
8545.480000 2.640635e-16 5.359978e-18
8548.480000 2.717954e-16 5.508334e-18
8551.480000 2.678793e-16 5.492170e-18
8554.480000 2.582242e-16 5.315109e-18
8557.480000 2.539192e-16 5.249898e-18
8560.480000 2.582268e-16 5.300985e-18
8563.480000 2.649915e-16 5.389376e-18
8566.480000 2.670789e-16 5.460874e-18
8569.480000 2.685156e-16 5.531114e-18
8572.480000 2.618663e-16 5.620160e-18
8575.480000 2.641343e-16 5.735816e-18
8578.480000 2.556769e-16 5.807461e-18
8581.480000 2.556117e-16 5.946488e-18
8584.480000 2.593136e-16 6.131440e-18
8587.480000 2.669319e-16 6.391309e-18
8590.480000 2.596490e-16 6.513111e-18
8593.480000 2.642416e-16 6.709435e-18
8596.480000 2.633629e-16 6.913865e-18
8599.480000 2.529107e-16 7.006173e-18
8602.480000 2.593871e-16 7.034089e-18
8605.480000 2.568469e-16 6.911332e-18
8608.480000 2.568591e-16 6.869961e-18
8611.480000 2.563622e-16 7.056111e-18
8614.480000 2.594619e-16 7.318044e-18
8617.480000 2.613453e-16 7.620102e-18
8620.480000 2.661770e-16 7.927460e-18
8623.480000 2.624845e-16 8.189616e-18
8626.480000 2.627219e-16 8.357089e-18
8629.480000 2.574836e-16 8.331894e-18
8632.480000 2.539418e-16 8.077827e-18
8635.480000 2.514296e-16 7.623431e-18
8638.480000 2.477185e-16 7.055577e-18
8641.480000 2.538609e-16 6.515484e-18
8644.480000 2.635503e-16 6.221254e-18
8647.480000 2.627614e-16 6.333225e-18
8650.480000 2.578742e-16 6.730275e-18
8653.480000 2.544315e-16 7.040735e-18
8656.480000 2.640859e-16 7.196637e-18
8659.480000 2.721732e-16 7.257482e-18
8662.480000 2.673445e-16 7.213746e-18
8665.480000 2.594851e-16 7.218739e-18
8668.480000 2.681844e-16 7.267716e-18
8671.480000 2.716591e-16 7.376787e-18
8674.480000 2.611600e-16 7.239017e-18
8677.480000 2.498930e-16 6.884855e-18
8680.480000 2.477262e-16 6.684091e-18
8683.480000 2.398834e-16 6.102266e-18
8686.480000 2.379880e-16 5.855848e-18
8689.480000 2.473682e-16 5.814027e-18
8692.480000 2.561202e-16 5.805069e-18
8695.480000 2.577856e-16 5.808393e-18
8698.480000 2.549137e-16 5.846569e-18
8701.480000 2.553524e-16 5.980385e-18
8704.480000 2.534769e-16 6.100163e-18
8707.480000 2.580606e-16 6.206669e-18
8710.480000 2.532302e-16 6.274031e-18
8713.480000 2.430193e-16 6.308949e-18
8716.480000 2.417767e-16 6.386396e-18
8719.480000 2.506661e-16 6.561491e-18
8722.480000 2.551922e-16 6.716919e-18
8725.480000 2.517770e-16 6.838931e-18
8728.480000 2.522942e-16 6.912002e-18
8731.480000 2.502876e-16 6.801185e-18
8734.480000 2.546824e-16 6.699466e-18
8737.480000 2.488367e-16 6.545617e-18
8740.480000 2.475020e-16 6.405342e-18
8743.480000 2.457534e-16 6.210144e-18
8746.480000 2.451046e-16 6.083500e-18
8749.480000 2.460948e-16 6.124692e-18
8752.480000 2.462087e-16 6.248262e-18
8755.480000 2.526683e-16 6.694538e-18
8758.480000 2.570209e-16 7.711139e-18
8761.480000 2.558330e-16 8.291948e-18
8764.480000 2.621183e-16 8.199753e-18
8767.480000 2.643408e-16 8.137957e-18
8770.480000 2.496207e-16 7.672594e-18
8773.480000 2.622217e-16 7.238256e-18
8776.480000 2.623200e-16 7.365186e-18
8779.480000 2.588230e-16 7.435801e-18
8782.480000 2.511795e-16 6.725295e-18
8785.480000 2.492924e-16 5.901785e-18
8788.480000 2.630146e-16 5.769481e-18
8791.480000 2.634936e-16 6.093463e-18
8794.480000 2.511819e-16 6.168776e-18
8797.480000 2.487910e-16 5.712404e-18
8800.480000 2.504269e-16 5.472474e-18
8803.480000 2.574266e-16 5.400913e-18
8806.480000 2.618452e-16 5.394128e-18
8809.480000 2.608777e-16 5.472854e-18
8812.480000 2.566086e-16 5.528882e-18
8815.480000 2.479826e-16 5.592410e-18
8818.480000 2.402535e-16 6.255597e-18
8821.480000 2.445983e-16 7.738981e-18
8824.480000 2.923377e-16 9.509256e-18
8827.480000 2.763120e-16 1.067481e-17
8830.480000 2.637378e-16 1.011261e-17
8833.480000 2.819111e-16 9.114759e-18
8836.480000 2.761758e-16 8.881763e-18
8839.480000 2.669775e-16 8.404606e-18
8842.480000 2.564625e-16 7.539879e-18
8845.480000 2.624033e-16 7.366759e-18
8848.480000 2.593599e-16 7.728966e-18
8851.480000 2.503473e-16 7.921840e-18
8854.480000 2.451214e-16 7.596956e-18
8857.480000 2.466999e-16 7.214789e-18
8860.480000 2.573075e-16 7.250836e-18
8863.480000 2.616998e-16 7.529952e-18
8866.480000 2.774437e-16 8.080852e-18
8869.480000 2.723108e-16 8.068754e-18
8872.480000 2.514649e-16 7.215590e-18
8875.480000 2.483180e-16 6.541594e-18
8878.480000 2.455179e-16 6.439987e-18
8881.480000 2.562204e-16 7.117845e-18
8884.480000 2.900985e-16 8.463454e-18
8887.480000 2.816191e-16 9.008222e-18
8890.480000 2.532722e-16 8.025107e-18
8893.480000 2.490117e-16 6.549090e-18
8896.480000 2.553085e-16 5.997568e-18
8899.480000 2.620419e-16 6.266075e-18
8902.480000 2.656620e-16 6.749682e-18
8905.480000 2.636828e-16 6.763192e-18
8908.480000 2.506326e-16 6.241873e-18
8911.480000 2.462350e-16 5.934348e-18
8914.480000 2.779426e-16 6.599514e-18
8917.480000 3.208035e-16 8.028379e-18
8920.480000 3.261515e-16 8.747464e-18
8923.480000 2.884631e-16 7.951139e-18
8926.480000 2.579561e-16 6.563911e-18
8929.480000 2.583408e-16 5.846054e-18
8932.480000 2.533066e-16 5.674795e-18
8935.480000 2.539910e-16 5.800899e-18
8938.480000 2.744728e-16 6.289601e-18
8941.480000 2.843384e-16 6.955584e-18
8944.480000 2.733247e-16 7.256166e-18
8947.480000 2.554579e-16 6.955537e-18
8950.480000 2.445851e-16 6.780574e-18
8953.480000 2.537162e-16 7.704469e-18
8956.480000 2.811180e-16 9.279904e-18
8959.480000 2.780475e-16 9.771523e-18
8962.480000 2.549946e-16 8.761572e-18
8965.480000 2.434191e-16 7.484237e-18
8968.480000 2.408862e-16 7.079522e-18
8971.480000 2.498989e-16 7.247116e-18
8974.480000 2.524803e-16 7.486981e-18
8977.480000 2.485351e-16 7.546967e-18
8980.480000 2.390665e-16 7.625457e-18
8983.480000 2.315165e-16 7.687806e-18
8986.480000 2.308768e-16 7.940759e-18
8989.480000 2.262868e-16 8.083885e-18
8992.480000 2.221162e-16 7.692570e-18
8995.480000 2.271977e-16 7.305600e-18
8998.480000 2.478055e-16 7.719597e-18
9001.480000 2.601068e-16 8.326781e-18
9004.480000 2.612113e-16 8.013909e-18
9007.480000 2.489482e-16 6.954719e-18
9010.480000 2.548022e-16 6.259875e-18
9013.480000 2.495289e-16 5.995416e-18
9016.480000 2.437355e-16 5.837971e-18
9019.480000 2.412123e-16 5.763546e-18
9022.480000 2.457995e-16 5.767350e-18
9025.480000 2.484919e-16 5.735976e-18
9028.480000 2.553806e-16 5.729022e-18
9031.480000 2.653060e-16 5.808924e-18
9034.480000 2.715920e-16 5.937056e-18
9037.480000 2.703095e-16 6.089772e-18
9040.480000 2.602488e-16 6.129535e-18
9043.480000 2.635568e-16 6.129051e-18
9046.480000 2.721230e-16 6.327291e-18
9049.480000 2.603348e-16 6.537638e-18
9052.480000 2.547487e-16 6.441237e-18
9055.480000 2.627717e-16 6.146802e-18
9058.480000 2.635348e-16 5.954026e-18
9061.480000 2.603421e-16 5.961207e-18
9064.480000 2.613051e-16 6.073161e-18
9067.480000 2.572403e-16 6.167521e-18
9070.480000 2.519273e-16 6.217880e-18
9073.480000 2.431416e-16 6.222477e-18
9076.480000 2.427395e-16 6.282450e-18
9079.480000 2.531135e-16 6.497743e-18
9082.480000 2.643398e-16 6.737466e-18
9085.480000 2.430280e-16 6.807109e-18
9088.480000 2.364532e-16 7.058413e-18
9091.480000 2.534361e-16 7.525455e-18
9094.480000 2.658216e-16 7.812642e-18
9097.480000 2.531222e-16 7.860333e-18
